
R =

   0.529532231911920  -0.686998007334380   0.497623706514242
   0.824697588433375   0.554307595664307  -0.112325317809618
  -0.198669330795061   0.469868946949515   0.860089338205047


R =

   0.529532231911920  -0.686998007334380   0.497623706514242
   0.824697588433375   0.554307595664307  -0.112325317809618
  -0.198669330795061   0.469868946949515   0.860089338205047



R =

   0.529531161136525  -0.686998027774572   0.497624817728429
   0.824697898691607   0.554307438126320  -0.112323817293946
  -0.198670896910071   0.469869102912380   0.860088891248610


last R

R =

   0.528340431783203  -0.687033844822245   0.498839537538778
   0.825040617742272   0.554135789566316  -0.110641338554656
  -0.200410496777462   0.470019172790301   0.859603170067987
---------------------------------------------------------------------------------

new

R =

   0.529532231911920  -0.686998007334380   0.497623706514242
   0.824697588433375   0.554307595664307  -0.112325317809618
  -0.198669330795061   0.469868946949515   0.860089338205047
R =

   0.529532231911920  -0.686998007334380   0.497623706514242
   0.824697588433375   0.554307595664307  -0.112325317809618
  -0.198669330795061   0.469868946949515   0.860089338205047

R =

   0.529532753927438  -0.686998811795746   0.497622040417481
   0.824697469351680   0.554307780207629  -0.112325281420638
  -0.198668433735604   0.469867553032261   0.860090306912314

last R
R =

   0.530111362836524  -0.687891107109785   0.495769873783066
   0.824570724438919   0.554499859995596  -0.112307727530834
  -0.197648838574575   0.468332926478738   0.861161544999533





Rot =

   0.877582561890373                   0   0.479425538604203
                   0   1.000000000000000                   0
  -0.479425538604203                   0   0.877582561890373
